lat_north = -22.895
lat_south = -23.045
lon_east  = -43.775
lon_west  = -44.000
datum_lat = -22.933333
datum_lon = -43.833333
